NCBI_id
101928142
100652736
128193285
102724360
100505938
101926913
101928327
100996579
132503825
100131691
102723854
105373557
102724774
105372414
107985924
101929086
107986756
102724009
100128262
101929697
574406
101929374
101927869
105369589
147429
100874077
400500
85003
100874009
100379249
100270680
103021165
100750225
103021165
100873984
100131067
105372999
118827816
285593
102577426
107986496
102546298
124901024
105371786
107985040
102724122
728178
100507530
100129083
101928857
111082989
105378701
26220
26082
100873930
100996295
114915
100128385
100131726
400728
387742
100192420
650669
100874293
100874068
100289098
339942
768096
105375013
414768
100874042
100124700
100874351
100652929
100873923
100289509
101928880
100287902
101927479
112267871
440584
101410535
645676
107985209
106614088
101928324
85028
118597836
100131564
105371260
100873949
124902415
101929145
90271
105378499
220906
101060691
100507633
282997
493900
106478978
283131
129810502
100287896
100289388
101929340
100506211
23642
105369635
100506314
100287314
102723757
100288798
105369760
105369760
105369779
112268098
105369865
109729146
389634
100506451
283335
101928062
338799
107984455
542767
407975
100289274
112268124
400242
105370648
100131089
440288
102724362
120017340
645212
101926895
104472848
106660606
101928707
119863866
100289580
112268170
125144
100506436
105371743
105376843
101928674
100130581
123466215
103689912
103689912
440465
100505797
400657
101928238
105372446
100128675
105373354
100506054
105374363
105374363
388948
101928243
122152328
644838
400960
400960
375295
122152331
105373951
441951
100505771
122152329
119545624
100506215
114044
284900
285352
100009676
100873956
644714
100874079
550112
550112
256880
105377348
109864269
109864269
100128055
100505894
100507602
101929977
100506674
728769
401237
401264
643749
101927768
100129195
106660612
653483
116435299
100506860
101928605
401320
285958
107986809
378805
378805
100506881
100507507
101928492
101928492
101928492
105375563
389641
101926977
100128750
107986962
101927612
103021165
101929407
101928099
100128782
653687
101928358
101928358
7503
101928402
285908
100133205
100874128
100874150
101930747
144776
221718
728855
401109
255031
111753249
101927224
643837
339524
101929688
101929179
100286925
100128977
100507057
100874213
100874189
100874002
728606
100506649
106481790
105378949
101928043
106029310
105369980
101929181
124902718
101927688
388780
101929574
107984241
101929679
132591089
100289092
100506082
105378884
145694
105371450
102724264
105371907
100996325
105372876
107985194
101929076
105376623
101928694
105372566
105376453
101927832
104355292
107985307
101927698
399886
102723989
107984834
105378360
400558
101928737
105374758
388685
132069525
110806288
102724084
101928973
100289061
100130417
440896
102724659
102724699
105372037
107984359
105372080
101928440
100287042
102724814
101928813
112268097
105371074
107986241
102723481
105378688
100507521
105376297
105371722
105369351
105370625
105377745
100127888
100507316
101928346
100505683
100506392
400841
128385377
105373159
440600
284618
619455
100128126
439931
104169670
100128262
102724097
104355143
100128881
101928891
284865
100505824
100131213
100505761
109729138
378938
100506282
123706534
123706507
400550
100506325
400619
100507218
100507246
100507246
649446
101410535
100505817
101927715
101928378
101928571
101929542
112597
112597
151009
541471
100506797
29798
100874202
100505641
100506826
100506272
441094
54508
440714
101927703
50854
79940
387066
101927765
100216545
5820
101927774
349408
109729169
104457406
100302692
102724312
100873935
101927479
101927895
100861548
105378668
440584
105378687
84793
100289178
646626
100873932
100128787
643355
100287722
112840934
84852
104472716
101929147
100289061
339400
284618
645676
100287049
105371561
101978719
101928650
102724954
122455336
100128537
102723833
105372918
100861515
101928222
100505624
118568811
105374582
618
400958
101927750
100874291
100874048
101927142
654433
107985942
100507600
105373637
100506134
101929680
101929947
339751
105373764
101927027
107985781
150538
101928103
105373885
654841
100873937
100873956
100874028
101927854
119863865
100874210
100874110
105377105
100874243
100874029
100131117
100506826
100873940
348808
85003
116933
100873918
103695433
101928583
100874217
347689
106480736
105374249
100874214
101928521
101929095
285540
105374425
100506462
550112
118425
101928963
100874023
121233924
104384744
101929595
109864269
79804
285500
285441
102467073
100288152
255167
101929524
105374727
105378991
121232370
105379054
109729137
100505994
441094
101927233
102723557
103689846
553103
101927761
100996485
101928005
100505636
102546294
101927096
101927115
104326188
101927813
101928076
100130275
100506681
100874531
123706533
107986588
102060414
112390310
100131047
112935969
112267960
100873997
102724406
643749
101927990
100507308
100507557
100505475
105378083
101929523
100506025
100506311
100316868
105375215
80099
100129427
100507500
107986809
101927356
613126
101927870
286002
100506413
285962
105375606
100287015
100507530
100996348
100506365
100616530
102723356
552860
727677
100287098
157983
112268042
123706518
401491
101929467
51198
100048912
101928099
100188953
105376162
105376199
50514
100131193
399717
102724316
101929328
100128292
100132116
101926906
100128054
728558
100188954
122152368
101927704
105378500
100132464
10984
338653
100852407
105376541
283104
120883619
497258
105376607
51352
100507401
104326055
101929089
101929340
105369557
100652846
678655
112268089
100874108
101928290
123706531
107984461
101927318
100874366
112268098
104169670
101928731
101101692
84983
105370000
283460
101928346
101927415
100861550
100874188
100509894
100862704
100874255
100505518
100874175
100885778
100874203
116435281
104564225
105370437
101927620
100750246
120766139
283575
145624
101928174
100505648
729082
105370807
107984757
109729174
100129973
101928784
100996876
80072
283692
101926911
100507217
104472848
102723320
105369201
105371049
101927009
102723385
100289092
123706527
107984834
101927726
100132529
101927978
100506542
400550
103752587
105371416
105371492
100128560
119139899
147184
102724508
100506779
103689912
101928104
102723505
100507246
100996295
100294362
101927275
100128893
101927698
101927718
100652770
101927980
100129878
101928167
105372127
100505549
100507373
652995
100506469
100505495
100996307
107985305
109729182
107985325
101930593
122152330
107985395
149830
100131208
728434
101929591
102725201
105372629
101927242
149775
114614
105372779
100506215
100288432
100506334
105369301
54082
100874236
114044
10740
150291
105373021
107985578
101927279
100132273
100132163
100873942
100873919
100873921
100873930
101928259
100287765
102723591
100507404
138948
574407
105369378
100873973
100287042
285033
100861507
100286938
100873935
101927479
101927895
100861548
105378687
100873952
84793
100289178
646626
100873932
100287722
84852
101929147
105371260
339400
284618
100287049
105371561
101928650
60674
122455336
100128537
102723833
102724316
220930
102723377
414245
101929328
100128292
100132116
101926906
122152368
101927704
105378500
10984
338653
100852407
105376541
283104
120883619
105376607
51352
100507401
104326055
101929089
101929340
399972
106478964
678655
112268089
100874108
101928290
123706531
101927318
100874366
112268098
104169670
109729146
84983
283460
100874188
100862704
100874255
100874212
100505518
104413892
116435281
100506237
101927620
104548971
109729179
120766139
283575
115253418
145624
729082
107984757
109729174
100129973
101928784
100996876
283692
104472848
105369201
101929387
105371049
106660606
102723385
283888
100289092
123706527
100132529
101927978
103752587
105371492
284029
119139899
101926967
102724508
100506779
101928104
102723505
100996295
100294362
92659
100128893
101927698
101927718
100652770
100129878
103091864
101928167
105372127
100505549
100507373
652995
100506469
100996307
107985305
109729182
118827807
107985325
101930593
285154
100506108
123706536
400958
400960
101927750
100874291
100874048
101928403
101927142
654433
100506134
101927027
100506866
150538
101928103
103689911
654841
100131208
101929591
101929746
102725201
105372629
102723483
101927631
149775
105372779
105369301
101930094
54082
114043
100874236
114044
150185
105372963
10740
150291
107985578
101927279
100126791
100874090
107986063
100873956
100885795
119863865
100132677
100874210
100874110
105377105
100874029
100131117
100506826
348808
85003
100874217
347689
106480736
105374258
101929152
100873941
100874214
101928521
285463
105374476
105374425
100506462
550112
100874023
121233924
101929595
109864269
102191832
79804
285441
102467073
100288152
101929524
105378991
121232370
105379054
109729137
101927233
102723557
103689846
553103
101927761
100996485
101928005
724102
100505636
101927813
101928076
100506681
100507463
112390310
100131047
112935969
100873997
102724406
101927990
100507557
100505475
101929523
101927256
100506025
105375304
100316868
105375215
80099
100129427
100507500
100505881
101927356
101927632
101927870
286002
100506413
110806300
285962
105375606
100287015
100507530
100996348
100616530
106479020
100287098
112268042
101929467
123706550
123706516
100188953
100131193
100873942
100873902
100873928
100873919
100873921
100873930
101928259
100287765
100126270
102723591
105372918
440584
100128054
728558
107984461
104564225
101926911
55056
101927751
100128560
100507246
103689912
101927275
285033
105374582
105373637
101929947
339751
728434
107985395
100506334
100132273
100874028
100009676
105374249
101928963
285419
285500
107984114
123706533
105378083
119545625
112267960
100506311
401320
401431
100048912
105376162
401491
414196
100507600
118568811
100130275
112267983
378805
54508
140828
101805488
102724895
7503
55000
26220
401588
441951
145978
109245082
29034
285194
255082
100887755
101241892
728655
112597
554203
100271873
554202
642946
84981
285987
647979
102724571
101154753
100379571
6315
196475
100124700
100506649
100996301
404744
100133311
388815
100126791
100506385
284424
101978785
100506696
100859930
100132891
645212
221883
282997
100775107
101927125
100129075
84740
339929
645249
100874145
127841
100652772
100130776
100302650
154860
105416157
110841581
729177
103752588
641373
100129662
101929447
29065
100885775
50652
654434
100505592
101669762
8847
100302740
100287569
439990
102724047
104564224
80054
285954
541471
100506797
64002
100506046
84847
401237
285943
641638
79940
387978
100506834
283131
23642
78998
102723099
645323
728192
100507316
101928607
101234261
100506465
100885779
100506660
147093
100131551
401093
80161
80161
9834
84848
338799
493812
400128
101060385
100507632
100505633
100128252
285958
157627
101929685
503538
100507098
100507392
653483
378825
55384
10011
114004396
158035
100303491
440823
100507127
57212
90632
100499467
100642175
283481
100874074
101669767
57291
643911
145837
110599565
104472715
100302522
102800311
102723932
68790
102638436
102634678
66620
232685
22097
474332
268755
17263
69170
213742
102633081
545261
103164605
100504267
101202683
14455
330166
69952
320038
100043820
75545
101101691
74668
100039095
791403
70252
104103
63830
102636514
102635290
66961
75996
